9 9
 8.26309e+06  3.09088e+06  1.88708e+07   2.1311e-06  1.53657e-06  4.98956e-06  8.81799e-08  -9.5077e-08 -4.13569e-08
 3.09088e+06   1.4074e+06  7.34343e+06  9.98494e-07  4.15312e-07  1.73668e-06  1.05763e-07 -1.14449e-07 -5.06761e-08
 1.88708e+07  7.34343e+06   4.6059e+07  1.45548e-06  8.25152e-07  2.94996e-06  1.58043e-07 -1.68706e-07 -7.57848e-08
-4.84462e-06 -1.72289e-06 -1.13056e-05  6.57244e+06  3.97265e+06  1.35114e+07       54.131      53.0772      30.5453
-6.88105e-06 -2.81911e-06  -1.6744e-05  3.97265e+06  2.65463e+06  8.41658e+06      31.1906      51.2328     -29.5368
-3.73693e-06 -1.71311e-06 -9.39076e-06  1.35114e+07  8.41658e+06  2.85815e+07      21.7872      41.5432      -26.355
 9.12696e-08  1.07219e-07  1.63447e-07       54.131      31.1906      21.7872      394.836     -314.331     -142.542
-9.82545e-08 -1.15891e-07 -1.78814e-07      53.0772      51.2328      41.5432     -314.331      468.035       194.88
-4.29573e-08 -5.14265e-08 -7.98609e-08      30.5453     -29.5368      -26.355     -142.542       194.88      122.049
